24655
62448
46501
18491
1423
33982
21310
8292
53969
4714
57359
32906
52131
28031
53973
59421
56389
57669
58989
35984
34619
8116
45466
56722
21378
41704
34470
43851
44560
44598
19209
16059
4949
58870
31073
64456
39261
48269
50267
54302
59045
22880
18139
51170
26021
52145
63539
28624
3787
15300
20879
31192
31618
53440
65396
42979
31258
23937
56859
11884
64783
53829
52565
55335
50638
26953
34631
35748
27859
35043
12343
20816
37840
11015
56360
49762
58433
2161
35788
32252
37415
55649
56753
26442
6435
18137
52362
45088
52972
64066
45109
7641
17041
61009
26521
15311
39190
22288
7338
59016
42831
18623
46475
32378
15243
39328
27826
16221
16545
14929
39338
29705
21815
38640
50111
11348
26107
12714
12973
34159
28183
320
22216
43891
59169
44072
17673
20122
44678
14116
52079
3719
21396
27934
10824
13283
19246
10627
38547
12992
28514
53009
21513
49509
19822
57035
27033
38079
65208
42571
56476
63697
56605
60836
40198
52689
8901
1104
12896
58534
5615
26110
3609
7507
31714
52243
42569
508
49136
849
5258
16269
9712
28401
35133
21545
63446
12105
3235
63864
28020
23245
36663
16383
61719
20562
29005
28482
52451
39383
25160
40559
33038
7088
43213
37248
23315
58581
43769
53441
3996
10019
30280
43871
21725
61699
22175
696
57090
49713
31051
25162
54609
4820
36767
12624
23025
13220
17395
17870
8467
26409
44737
65259
15374
54226
22372
25796
8886
38101
26622
55323
63055
8382
50615
15087
55101
57470
39028
28261
42510
54569
20372
45221
29455
48416
26218
6296
21159
16407
37642
54332
63738
15322
55185
15022
60153
38516
18541
27450
54819
48588
40165
28995
43311
48325
39238
30608
55040
4877
38617
57104
6293
4905
21663
21345
29353
49702
32709
42251
63097
8706
9008
5136
64297
35715
15785
16399
35899
41491
58687
31652
47774
23757
38856
16673
60967
16108
4916
56760
26188
53285
28592
38860
49073
40685
20792
891
39405
926
10403
28705
47915
45121
25942
18574
16113
3464
39825
30790
16407
63112
26364
57517
56425
37467
53501
15281
39073
39206
19926
29818
52693
2388
48513
9344
31723
15978
64860
2524
18457
3353
26852
40308
36922
21485
35209
31421
58689
44533
15057
49551
21792
16636
47262
37675
10464
7031
41913
103
60221
9182
46309
19985
4153
9107
64367
8328
42048
10041
30917
36375
19057
62863
14978
5028
8987
12554
48831
7785
9853
20296
9821
8784
6581
43225
9732
48481
40344
48052
41921
3977
24210
22303
52165
29018
8796
53660
9754
63064
10771
60432
53365
28207
1500
29169
40374
52796
51311
36925
8095
24611
21852
56647
55805
46388
62078
64957
22518
1856
3186
6217
4114
22682
19677
1234
57554
44124
22716
32566
6539
6173
16937
2865
4416
8021
30078
39103
2600
51341
35396
2426
52299
40006
22206
12497
61112
20051
13791
50794
7475
11179
62648
33825
57993
41400
711
37860
11688
53188
35281
52619
11297
12641
4775
40413
26450
6061
32336
54935
48406
408
56137
61368
45355
32501
3719
17584
17468
22863
19577
45243
32888
22199
61753
15601
64653
18428
46357
48259
58477
54126
25955
41083
34423
53674
58887
43202
51902
16654
6075
37830
25725
6377
28427
32164
31415
19746
16763
15212
10061
28796
38557
58001
43920
52463
15200
39237
61628
55519
56171
17734
43547
25570
33000
15592
47185
4127
25363
36213
47365
62663
51506
2781
42821
1152
46894
17233
13886
54924
27669
46617
62761
11515
38606
43980
5975
23443
49999
42902
59795
1181
28668
16744
64974
22742
39129
63504
2691
43047
18913
7387
31650
92
64717
53313
2666
24490
34215
21738
8118
37058
3685
64559
48118
45028
57653
6454
35015
4573
23801
48730
11543
27025
37965
20467
3332
38067
34575
63448
3550
3854
13772
51874
31633
13133
42721
35518
45861
53996
21496
47717
7296
23335
60645
29785
22569
25696
20507
59517
23299
49988
33340
32023
48514
47264
6890
23541
29940
52502
28190
33827
59161
678
58477
33199
8671
62932
49820
23831
34330
5345
44902
41014
25396
27633
50775
60997
36597
31440
64872
23834
38496
53944
10748
48755
38633
45715
30242
23987
28877
48207
39340
26914
55225
4327
33175
39313
50475
26795
9118
32925
9084
1050
19000
51455
53358
58925
65182
15737
42414
40173
33047
30286
21613
50922
13372
64330
2538
32382
35775
40153
62727
15335
37838
60068
33791
39061
30798
27893
9271
36300
7314
37049
16446
23043
12779
49219
26772
39105
48789
42276
63034
23276
62647
1550
61698
10124
60215
40635
45908
55581
60868
62380
14248
51233
61280
51308
30157
49884
18629
4372
60786
64047
31434
1925
56372
30406
43634
19990
34465
26219
2287
38129
116
53661
15323
10485
34885
9106
6523
52030
37073
40253
63520
37695
9620
60538
18271
54144
23702
62970
58195
44585
54140
37014
22233
27483
54600
50728
11885
43988
14320
54983
17420
14038
30877
2448
4510
40762
16822
32886
13572
4277
45711
9495
21362
51361
17616
6445
62276
38013
35393
16602
2164
63712
44728
50499
14889
44393
22426
15728
5218
63949
17669
20561
47315
19946
53954
36661
23321
34459
59449
21112
8021
37756
2542
1208
23736
17169
33745
25012
61533
33511
11546
16313
11706
19659
11215
60099
6556
14655
43696
29256
22778
30203
26456
31587
34449
58932
52005
50174
16090
62808
20257
64994
64146
9341
54563
40286
61969
23344
30148
42060
32810
19836
50871
63943
26576
59345
34622
1966
42271
13670
56221
51868
3639
62387
11294
20026
35788
21886
27563
26756
33122
63004
1079
327
37786
51778
10218
2525
9333
56114
31706
39538
64433
45959
24548
14283
55661
50849
54751
46436
27720
29932
50221
17791
61364
5206
1045
16887
50212
3368
3650
57252
42656
25848
52937
2248
57633
15111
4395
58368
20075
51219
23438
21100
23518
28465
63885
54211
10066
41508
23155
34775
22512
39422
61200
23821
39895
49411
74
12451
39719
48374
56398
43684
22630
11595
31662
51797
6089
51145
56741
25323
4043
43971
49651
37318
63194
45265
47782
33159
28995
36338
26668
32326
63691
59762
55550
33099
61971
25933
48102
23598
46127
18154
19216
40534
37350
26814
30292
10991
54079
14430
63384
21117
44655
57440
13308
41173
62053
43843
23321
36970
20481
47037
21046
64771
11012
20318
3818
44043
5660
27366
62202
7795
42809
1036
5395
20792
4143
57133
44744
11498
54355
6273
58223
25523
